// Fichier utilisé par imagereader pour reconnaître des motifs sur des images
// Symboles uniques
- 15
- 31
- 7
? 30 33 32 32 24 4 4 0 4 4
' 1 1 1
' 2 2 1
ä 10 0 14 16 30 17 17 30
A 12 12 18 18 18 63 33 33
â 12 18 0 14 16 30 17 17 30
a 14 16 30 17 17 30
A 24 24 36 36 66 66 126 129 129
â 24 36 0 30 32 32 62 33 33 62
a 30 32 32 62 33 33 62
à 4 8 0 14 16 30 17 17 30
A 8 8 20 20 34 34 62 65 65
b 1 1 1 15 17 17 17 17 15
b 1 1 1 29 35 33 33 33 33 31
B 15 17 17 17 31 33 33 33 31
B 15 17 17 31 33 33 33 31
ç 14 17 1 1 1 17 14 8 6
c 14 17 1 1 1 17 14
ç 14 17 1 1 17 14 8 6
c 14 17 1 1 17 14
c 30 33 1 1 1 33 30
C 60 66 1 1 1 1 1 66 60
C 60 66 1 1 1 1 66 60
d 16 16 16 30 17 17 17 17 30
D 31 33 65 65 65 65 33 31
D 31 33 65 65 65 65 65 33 31
d 32 32 32 62 33 33 33 33 49 46
ê 12 18 0 14 17 31 1 17 14
ê 12 18 0 30 33 33 63 1 33 30
e 14 17 31 1 17 14
é 16 8 0 30 33 33 63 1 33 30
ë 18 0 30 33 33 63 1 33 30
è 2 4 0 14 17 31 1 17 14
e 30 33 33 63 1 33 30
e 30 33 33 63 1 33 30
E 31 1 1 31 1 1 1 31
è 4 8 0 30 33 33 63 1 33 30
E 63 1 1 1 63 1 1 1 63
é 8 4 0 14 17 31 1 17 14
f 12 2 2 15 2 2 2 2 2 2
f 12 2 2 15 2 2 2 2 2
F 31 1 1 15 1 1 1 1
F 63 1 1 1 31 1 1 1 1
g 30 17 17 17 17 30 16 14
G 60 66 1 1 1 113 65 66 124
G 60 66 1 1 113 65 65 66 60
G 60 66 1 1 113 65 66 60
g 62 33 33 33 33 49 46 32 30
g 62 33 33 33 33 49 46 32 32 30
h 1 1 1 15 17 17 17 17 17
h 1 1 1 29 35 33 33 33 33 33
H 33 33 33 63 33 33 33 33
H 65 65 65 65 127 65 65 65 65
i 1 0 0 1 1 1 1 1 1 1
i 1 0 0 1 1 1 1 1 1
î 2 5 0 2 2 2 2 2 2 2
ï 5 0 2 2 2 2 2 2 2
ï 5 0 2 2 2 2 2 2
I 7 2 2 2 2 2 2 2 7
I 7 2 2 2 2 2 2 7
J 14 8 8 8 8 8 8 7
j 4 0 0 6 4 4 4 4 4 4 3
k 1 1 1 17 9 5 3 5 9 17
k 1 1 1 17 9 5 7 9 17
K 33 17 9 5 3 5 9 17 33
K 33 17 9 5 7 9 17 33
l 1 1 1 1 1 1 1 1 1 1
l 1 1 1 1 1 1 1 1 1
L 1 1 1 1 1 1 1 1 63
L 1 1 1 1 1 1 1 31
M 195 195 165 165 165 153 153 129 129
m 205 307 273 273 273 273 273
m 239 273 273 273 273 273 273
m 239 273 273 273 273 273
M 99 99 85 85 73 73 65 65
n 15 17 17 17 17 17
n 29 35 33 33 33 33 33
N 35 35 37 37 41 41 49 49
ô 12 18 0 14 17 17 17 17 14
o 14 17 17 17 17 14
O 28 34 65 65 65 65 34 28
o 30 33 33 33 33 33 30
O 60 66 129 129 129 129 129 66 60
P 15 17 17 17 15 1 1 1
p 15 17 17 17 17 15 1 1
p 29 35 33 33 33 33 31 1 1 1
p 29 35 33 33 33 33 31 1 1
P 31 33 33 33 33 31 1 1 1
Q 28 34 65 65 65 65 34 28 16 96
q 30 17 17 17 17 30 16 16
q 62 33 33 33 33 49 46 32 32
r 13 3 1 1 1 1 1
r 13 3 1 1 1 1
R 15 17 17 17 15 9 17 33
R 31 33 33 33 17 15 17 33 65
R 31 33 33 33 31 9 17 33 65
s 14 1 3 12 8 7
s 30 1 1 14 16 16 15
S 30 33 1 1 30 32 32 33 30
S 30 33 1 6 24 32 33 30
S 62 65 1 1 62 64 64 65 62
T 127 8 8 8 8 8 8 8
t 2 2 15 2 2 2 2 12
t 2 2 15 2 2 2 2 2 12
t 2 2 31 2 2 2 2 2 28
ü 10 0 17 17 17 17 17 30
u 17 17 17 17 17 30
ù 2 4 0 17 17 17 17 17 30
U 33 33 33 33 33 33 33 30
u 33 33 33 33 33 49 46
V 129 129 66 66 66 36 36 24 24
v 17 17 10 10 10 4 4
v 17 17 10 10 4 4
v 33 33 18 18 18 12 12
V 33 33 33 18 18 18 12 12
x 17 10 4 4 10 17
x 17 17 10 4 10 17 17
x 33 33 18 12 12 12 18 33 33
X 33 33 18 12 12 18 33 33
X 65 65 34 20 8 20 34 65 65
y 17 10 10 10 4 4 4 2
y 17 17 10 10 10 4 4 4 2
y 33 33 18 18 18 12 12 4 4 2
z 15 8 4 2 1 15
z 31 16 8 4 2 1 31
Z 63 32 16 8 4 2 1 63
// Plusieurs symboles
<< 20 10 5 10 20
>> 5 10 20 10 5
ct 64 64 1006 81 65 65 65 81 910
ct 64 64 494 81 65 65 81 398
ff 204 34 34 255 34 34 34 34 34 34
ff 204 34 34 255 34 34 34 34 34
ffa 924 66 66 31215 32834 32834 63554 33858 33858 63554
fo 28 2 2 975 1058 1058 1058 1058 1058 962
ît 2 21 16 122 18 18 18 18 98
L'aff 13369472 2234497 2234433 16720897 2237441 2245121 2245121 2260481 2261249 2261311
ra 237 259 481 273 273 481
rj 64 0 0 109 67 65 65 65 65 65 64 64 56
rt 32 32 253 35 33 33 33 193
rt 32 32 509 35 33 33 33 33 449
Te 127 8 1800 2184 3976 136 2184 1800
Te 127 8 3848 4232 4232 8072 136 4232 3848
To 127 8 1800 2184 2184 2184 2184 1800
tt 34 34 255 34 34 34 34 204